% -------------------------------------------------------------------
%  Generated by MATLAB on 8-Dec-2020 16:44:38
%  MATLAB version: 9.9.0.1495850 (R2020b) Update 1
% -------------------------------------------------------------------
                                      

I = [0 2.9228278649933379E-13 6.6999480028248289E-13 1.1581055339484454E-12 ...
     1.7888826329705303E-12 2.6040250201547562E-12 3.6574194956589045E-12 ...
     5.0187030437464129E-12 6.7778663404846377E-12 9.0512027875008583E-12 ...
     1.1988996345901489E-11 1.5785456391711239E-11 2.0691556358543645E-11 ...
     2.7031624894526139E-11 3.5224786328802328E-11 4.5812667817327634E-11 ...
     5.9495204810443891E-11 7.7176911842288335E-11 1.0002667747546505E-10 ...
     1.2955503627876358E-10 1.677140260738422E-10 2.170262317362259E-10 ...
     2.8075154627803974E-10 3.6310267332468116E-10 4.695236172558752E-10 ...
     6.0704957122116915E-10 7.8477199422741751E-10 1.0144396222533455E-9 ...
     1.3112351445673844E-9 1.6947788891638943E-9 2.1904258681754623E-9 ...
     2.8309419273325107E-9 3.658669805057554E-9 4.7283282933472451E-9 6.1106295451969223E-9 ...
     7.896953658718729E-9 1.0205389561731637E-8 1.3188541542932288E-8 1.7043617497749274E-8 ...
     2.2025465794806719E-8 2.8463422594045114E-8 3.678308334592718E-8 4.7534437725098476E-8 ...
     6.1428227920855868E-8 7.938293383006636E-8 1.0258549121319681E-7 1.3256975672217954E-7 ...
     1.7131790690526361E-7 2.213914743955534E-7 2.8610068372186841E-7 3.697232810622476E-7 ...
     4.7778732416758375E-7 6.1743662691213272E-7 7.9790301699554752E-7 ...
     1.0311166264420171E-6 1.3324945595070704E-6 1.721960074637784E-6 2.2252596557763052E-6 ...
     2.8756650409339306E-6 3.7161727244196111E-6 4.8023463357085784E-6 ...
     6.2059897967271382E-6 8.0198940797837743E-6 1.0363971361135265E-5 ...
     1.3393182082049996E-5 1.7307778953367289E-5 2.2366545106254771E-5 ...
     2.8903901526556716E-5 3.7352014697723945E-5 4.8269365927221516E-5 ...
     6.2377670995268547E-5 8.0609590781387027E-5 0.00010417038688582454 ...
     0.00013461759812781015 0.00017396400511273663 0.00022481068956995424 ...
     0.00029051898464458079 0.00037543268329973844 0.00048516519440979026 ...
     0.00062697062963665924 0.000810223352612386 0.0010470376920930482 ...
     0.0013530687866001173 0.0017485475021651598 0.0022596178387167152 ...
     0.0029200652373327298 0.0037735500419524576 0.0048764937635012787 ...
     0.0063018089493363559 0.0081437192293271014 0.010523988178435306 0.013599968768606746 ...
     0.017575005536891307 0.022711877128247383 0.029350167862214373 0.03792871670949783 ...
     0.04901462771798578 0.063340759686918588 0.081854173427488033 0.10577873932376616 ...
     0.13669604400599583 0.17664994465179598 0.22828168270986809 0.29500448903935822 ...
     0.381229223125886 0.49265596275638629 0.63665082033663112 0.82273289613199407 ...
     1.0632035595584193 1.3739596585624507 1.7755444161050604 2.2945054855978624 ...
     2.9651499425667129 3.8318122301687265 4.9517849861449914 6.3991065000412792 ...
     8.2694551789796868 10.686474581523424 13.809947150065723 17.846356984495742 ...
     23.062539932786276 29.803323368093583 38.514321769060942 49.771395055854278 ...
     64.318717090738986 83.117970946082735 107.41192310237466 138.80657928998906 ...
     179.37735306930918 231.80626565928182 299.55924691417943 387.11525832390049 ...
     500.26238472321586 646.48046851092352 835.43558126469043 1079.6190208974319 ...
     1395.1730766830049 1802.9581511847739 2329.9317835547286 3010.9307376054862 ...
     3890.9739635493092 5028.238675811891 6497.9062871618589 8397.13244318506 ...
     10851.46971228314 14023.167517402368 18121.897994935793 23418.616837552294 ...
     30263.475422792271 39108.968348520066 50539.846594539711 65311.773786440594 ...
     84401.281019956121 109070.32262058214 140949.70044050706 182146.87164150469 ...
     235385.26683701997 304184.32852903317 393092.17168093019 507986.24697090295 ...
     656461.88273890142 848334.39105641958 1.0962879307576122E+6 1.4167140219650348E+6 ...
     1.8307951439776516E+6 2.3659050501688868E+6 3.0574183708250928E+6 ...
     3.9510491317441007E+6 5.1058727815660359E+6 6.5982315056732548E+6 ...
     8.5267809961191826E+6 1.1019012305534452E+7 1.4239679926666498E+7 ...
     1.8401693254491195E+7 2.3780191435219858E+7 3.0730732051393479E+7 ...
     3.97127960465394E+7 5.1320162734701626E+7 6.6320162902399428E+7 8.57044049166024E+7 ...
     1.1075432720089406E+8 1.4312591057203022E+8 1.8495915053427884E+8 ...
     2.3901952644098738E+8 3.0888081965691012E+8 3.991613663224296E+8 5.1582936273402655E+8 ...
     6.6659740623210764E+8 8.6143235359885573E+8 1.1132142022894077E+9 ...
     1.4385875513051877E+9 1.8590619294239197E+9 2.4024337304307685E+9 ...
     3.1046237555410824E+9 4.0120518378426528E+9 5.1847055285870724E+9 ...
     6.7001057076609974E+9 8.6584312737362385E+9 1.1189141693136831E+10 ...
     1.4459535205742725E+10 1.8685808447162544E+10];

Is = 1E-12;

V = [0 0.01 0.02 0.03 0.04 0.05 0.06 0.07 0.08 0.09 0.1 0.11 0.12 0.13 ...
     0.14 0.15 0.16 0.17 0.18 0.19 0.2 0.21 0.22 0.23 0.24 0.25 0.26 0.27 ...
     0.28 0.29 0.3 0.31 0.32 0.33 0.34 0.35000000000000003 0.36 0.37 0.38 ...
     0.39 0.4 0.41000000000000003 0.42 0.43 0.44 0.45 0.46 0.47000000000000003 ...
     0.48 0.49 0.5 0.51 0.52 0.53 0.54 0.55 0.56 0.57000000000000006 0.58 ...
     0.59 0.6 0.61 0.62 0.63 0.64 0.65 0.66 0.67 0.68 0.69000000000000006 ...
     0.70000000000000007 0.71 0.72 0.73 0.74 0.75 0.76 0.77 0.78 0.79 0.8 ...
     0.81 0.82000000000000006 0.83000000000000007 0.84 0.85 0.86 0.87 0.88 ...
     0.89 0.9 0.91 0.92 0.93 0.94000000000000006 0.95000000000000007 0.96 ...
     0.97 0.98 0.99 1 1.01 1.02 1.03 1.04 1.0499999999999998 1.06 1.0699999999999998 ...
     1.08 1.0899999999999999 1.1 1.1099999999999999 1.12 1.13 1.1400000000000001 ...
     1.15 1.1600000000000001 1.17 1.18 1.19 1.2 1.21 1.22 1.23 1.24 1.25 ...
     1.26 1.27 1.28 1.29 1.2999999999999998 1.31 1.3199999999999998 1.33 ...
     1.3399999999999999 1.35 1.3599999999999999 1.37 1.38 1.3900000000000001 ...
     1.4 1.4100000000000001 1.42 1.43 1.44 1.45 1.46 1.47 1.48 1.49 1.5 ...
     1.51 1.52 1.53 1.54 1.55 1.56 1.57 1.58 1.5899999999999999 1.6 1.6099999999999999 ...
     1.62 1.63 1.6400000000000001 1.65 1.66 1.67 1.68 1.69 1.7 1.71 1.72 ...
     1.73 1.74 1.75 1.76 1.77 1.78 1.79 1.8 1.81 1.82 1.83 1.84 1.85 1.8599999999999999 ...
     1.87 1.88 1.89 1.9 1.91 1.92 1.93 1.94 1.95 1.96 1.97 1.98 1.99 2];

Vt = 0.026;

